1558613 34359869440
1711588 137439215616
2247539 309238038528
2962947 549756338176
4332709 858994114560
4558838 1236951367680
5736527 1683628097536
5841147 2199024304128
7221901 2783139987456
7263546 3435975147520
8057720 4157529784320
8822341 4947803897856
9494567 5806797488128
10180212 6734510555136
10975924 7730943098880
11675570 8796095119360
12254006 9929966616576
13123502 11132557590528
13811607 12403868041216
14559197 13743897968640
17303555 15152647372800
18437542 16630116253696
16705497 18176304611328
17364594 19791212445696
18245067 21474839756800
18940499 23227186544640
20116600 25048252809216
24584783 26938038550528
26948866 28896543768576
26035243 30923768463360
25691791 33019712634880
26569578 35184376283136
26552585 37417759408128
24731527 39719862009856
27102183 42090684088320
37582024 44530225643520
35201409 47038486675456
37009494 49615467184128
30532816 52261167169536
31904649 54975586631680
32621081 57758725570560
32942069 60610583986176
34138649 63531161878528
32228784 66520459247616
34879663 69578476093440
34416274 72705212416000
34181008 75900668215296
34944479 79164843491328
35621316 82497738244096
38746491 85899352473600
38201621 89369686179840
37829965 92908739362816
41478661 96516512022528
39423765 100193004158976
43707467 103938215772160
40949225 107752146862080
44728949 111634797428736
42271527 115586167472128
44817566 119606256992256
43768597 123695065989120
44362539 127852594462720
45393415 132078842413056
46180645 136373809840128
47164523 140737496743936
47372328 145169903124480
51188004 149671028981760
64564125 154240874315776
49592416 158879439126528
50774885 163586723414016
60280087 168362727178240
59279644 173207450419200
57937399 178120893136896
54692284 183103055331328
54555758 188153937002496
63777465 193273538150400
55224144 198461858775040
56588987 203718898876416
59582602 209044658454528
60507113 214439137509376
58942347 219902336040960
64897439 225434254049280
60336914 231034891534336
60735657 236704248496128
61405693 242442324934656
70203998 248249120849920
66446118 254124636241920
84961588 260068871110656
64270369 266081825456128
67961788 272163499278336
67003518 278313892577280
68291261 284533005352960
68432055 290820837605376
68330707 297177389334528
69472108 303602660540416
74455865 310096651223040
82672292 316659361382400
76164018 323290791018496
73055161 329990940131328
91171404 336759808720896
80582792 343597396787200
79189035 350503704330240
83346567 357478731350016
85337778 364522477846528
84321228 371634943819776
83835108 378816129269760
81031578 386066034196480
81272947 393384658599936
80033715 400772002480128
88339871 408228065837056
80483075 415752848670720
81390139 423346350981120
81342484 431008572768256
89093993 438739514032128
83291011 446539174772736
84045310 454407554990080
87325851 462344654684160
85216602 470350473854976
99906704 478425012502528
92774350 486568270626816
87455453 494780248227840
88522736 503060945305600
89537409 511410361860096
93158854 519828497891328
90589001 528315353399296
97695729 536870928384000
98161384 545495222845440
93472039 554188236783616
97300358 562949970198528
95006193 571780423090176
97997798 580679595458560
95989072 589647487303680
97357183 598684098625536
98298028 607789429424128
102656935 616963479699456
99189603 626206249451520
99751397 635517738680320
103230819 644897947385856
107125821 654346875568128
121043976 663864523227136
103627962 673450890362880
110915567 683105976975360
151607410 692829783064576
111626090 702622308630528
118117516 712483553673216
113157361 722413518192640
123893009 732412202188800
112091254 742479605661696
107963247 752615728611328
110013665 762820571037696
110104012 773094132940800
110480683 783436414320640
110993348 793847415177216
113965746 804327135510528
112233164 814875575320576
122017329 825492734607360
118282068 836178613370880
124294399 846933211611136
116424212 857756529328128
118020409 868648566521856
116713053 879609323192320
124577102 890638799339520
131439654 901736994963456
127578133 912903910064128
127745195 924139544641536
127444666 935443898695680
121146032 946816972226560
122180057 958258765234176
122356082 969769277718528
123213725 981348509679616
127667914 992996461117440
125120543 1004713132032000
127252107 1016498522423296
127988350 1028352632291328
127468930 1040275461636096
128321061 1052267010457600
128806858 1064327278755840
128992461 1076456266530816
129533121 1088653973782528
130498035 1100920400510976
131045617 1113255546716160
132058021 1125659412398080
132578103 1138131997556736
133547840 1150673302192128
134266670 1163283326304256
135055199 1175962069893120
135455799 1188709532958720
138372975 1201525715501056
137121523 1214410617520128
139132784 1227364239015936
141751785 1240386579988480
140175655 1253477640437760
141424460 1266637420363776
142887848 1279865919766528
142917811 1293163138646016
144708290 1306529077002240
143072595 1319963734835200
143956778 1333467112144896
144363223 1347039208931328
144664367 1360680025194496
145718473 1374389560934400
146417991 1388167816151040
148151319 1402014790844416
147750445 1415930485014528
148736898 1429914898661376
149705386 1443968031784960
150192039 1458089884385280
153402664 1472280456462336
152569697 1486539748016128
154844154 1500867759046656
153396189 1515264489553920
153984362 1529729939537920
154348974 1544264108998656
155209977 1558866997936128
156409306 1573538606350336
157200516 1588278934241280
158852566 1603087981608960
158912969 1617965748453376
159436429 1632912234774528
159785796 1647927440572416
162893702 1663011365847040
161573758 1678164010598400
163058304 1693385374826496
168601002 1708675458531328
162863474 1724034261712896
164346166 1739461784371200
164766848 1754958026506240
165005912 1770522988118016
166294739 1786156669206528
166608754 1801859069771776
167800075 1817630189813760
171068605 1833470029332480
169009962 1849378588327936
169933083 1865355866800128
170876795 1881401864749056
171023033 1897516582174720
172040400 1913700019077120
174260901 1929952175456256
172973814 1946273051312128
176757350 1962662646644736
175222011 1979120961454080
175287790 1995647995740160
176201415 2012243749502976
179418429 2028908222742528
180235383 2045641415458816
177992174 2062443327651840
178907684 2079313959321600
179857480 2096253310468096
184741897 2113261381091328
187544542 2130338171191296
181302976 2147483680768000
183891198 2164697909821440
185835827 2181980858351616
183696631 2199332526358528
184268693 2216752913842176
187667403 2234242020802560
190056857 2251799847239680
1882104 34359869440
6776178 137439215616
13141262 309238824960
15654535 549756338176
20565157 858994114560
24725575 1236952940544
28686530 1683628097536
38623717 2199024304128
35046333 2783149424640
42816784 3435975147520
37387151 4157529784320
50587008 4947807043584
59266999 5806797488128
49327461 6734510555136
59643044 7730947031040
76880926 8796095119360
56492830 9929966616576
58576969 11132576464896
63494725 12403868041216
67150101 13743897968640
70906761 15152652877824
73423053 16630116253696
75571463 18176304611328
81781653 19791218737152
91867066 21474839756800
94499657 23227186544640
93128486 25048281120768
99707953 26938038550528
99760858 28896543768576
102712719 30923776327680
107012666 33019712634880
104921334 35184376283136
113617776 37417768058880
117151795 39719862009856
119922703 42090684088320
124111947 44530263392256
127098959 47038661263360
129974005 49615467184128
137998266 52261177393152
143807193 54975586631680
134130208 57758725570560
144920215 60610594996224
148938102 63531161878528
151963616 66520459247616
155313239 69578523279360
159243672 72705212416000
162693186 75900668215296
163263521 79164856074240
176064142 82497738244096
173318376 85899352473600
177254612 89369699549184
179039635 92908739362816
184310110 96516512022528
187981171 100193060782080
190278603 103938215772160
208841842 107752146862080
198058507 111634812370944
201675291 115586167472128
205012345 119606256992256
208655799 123695081717760
212829113 127852594462720
213817792 132078842413056
220360208 136373875900416
220740281 140737496743936
226591274 145169903124480
229202798 149671046283264
234080337 154240874315776
237409464 158879439126528
240909985 163586741501952
246776092 168362727178240
249383140 173207450419200
253827592 178120968634368
248559900 183103055331328
262162483 188154286178304
269110449 193273557811200
270635590 198461858775040
268876517 203718898876416
273514821 209044678901760
276942565 214439137509376
279711145 219902336040960
285229173 225434338983936
286698361 231034891534336
291487922 236704248496128
295139319 242442346954752
305380984 248249120849920
301981685 254124636241920
305711144 260068893917184
309563850 266081825456128
445150546 272163499278336
317213753 278313986949120
320574309 284533005352960
333375650 290820837605376
328150665 297177413713920
333104426 303602660540416
333472574 310096651223040
336072494 316659386548224
345174163 323290791018496
345438349 329990940131328
350118283 336759912529920
352937125 343597396787200
359203298 350503704330240
356563518 357478758088704
362264381 364522477846528
364618568 371634943819776
374570773 378816156794880
377915153 386066034196480
375736256 393384658599936
379808814 400772115726336
382341148 408228065837056
389047355 415752848670720
388423789 423347951370240
394483031 431008572768256
394776115 438739514032128
405003078 446539204657152
405423953 454407554990080
409951534 462344654684160
412529926 470350596538368
413303017 478425012502528
419588402 486568270626816
422633045 494780279685120
429683251 503060945305600
429753771 511410361860096
433228117 519828530135040
437042528 528315353399296
441635872 536870928384000
457290685 545495354966016
455510866 554188236783616
458186447 562949970198528
458829064 571780456906752
455981383 580679595458560
467061715 589647487303680
468176322 598684133228544
469418503 607789429424128
472684073 616963479699456
479896831 626206391009280
479320913 635517738680320
494280058 644897947385856
506800553 654346911744000
528976885 663864523227136
498392153 673450890362880
495984045 683106013937664
546684236 692829783064576
534055184 702622308630528
545986711 712483704668160
553290897 722413518192640
552746023 732412202188800
581150850 742479644196864
568107431 752616426962944
580010723 762820571037696
570698514 773094172262400
576686811 783436414320640
584638305 793847415177216
620806294 804327295942656
573566052 814875575320576
587253834 825492734607360
634276324 836178654265344
663548752 846933211611136
602662670 857756529328128
594568809 868648608202752
597988046 879609323192320
605141709 890638799339520
606214426 901737164832768
615956681 912903910064128
618460289 924139544641536
626079179 935443941949440
624304807 946816972226560
629256429 958258765234176
640489914 969769321758720
646222490 981348509679616
648098085 992996461117440
652808714 1004713311338496
658342615 1016498522423296
675326062 1028352632291328
669724973 1040275507249152
666018735 1052267010457600
673386818 1064327278755840
679663585 1076456312930304
679050388 1088653973782528
705170050 1100920400510976
729070596 1113255735459840
738161889 1125659412398080
733110749 1138131997556736
738775596 1150673350164480
739866775 1163283326304256
734303613 1175962942832640
722553295 1188709581717504
725304968 1201525715501056
728926731 1214410617520128
739268190 1227364437196800
736138255 1240386579988480
743522143 1253477640437760
753598627 1266637470695424
755339635 1279865919766528
753028050 1293163138646016
763312475 1306529128120320
776054339 1319963734835200
780720316 1333467112144896
780659651 1347039416549376
789413788 1360680025194496
783667936 1374389560934400
784345475 1388167868841984
793259588 1402014790844416
797882413 1415930485014528
804165236 1429914952138752
812059015 1443968031784960
810299680 1458089884385280
813540439 1472280673517568
827286939 1486539748016128
819215926 1500867759046656
829079341 1515264544604160
840843772 1529729939537920
838043479 1544264108998656
845281936 1558867053772800
843470375 1573538606350336
877811359 1588278934241280
894715649 1603088208101376
904653597 1617965748453376
870689993 1632912234774528
869906374 1647927497981952
878582097 1663011365847040
877864964 1678164010598400
890050276 1693388575604736
891066321 1708675458531328
896593204 1724034261712896
1002884186 1739462020300800
906634375 1754958026506240
916895216 1770522988118016
919711636 1786156728975360
918921775 1801859069771776
920994170 1817630189813760
934242211 1833470089887744
1169704588 1849378588327936
944034091 1865355866800128
946599553 1881402110115840
952165621 1897516582174720
955792302 1913700019077120
955325984 1929952237584384
964436086 1946273051312128
964143140 1962662646644736
990887498 1979121024368640
971542549 1995647995740160
980256627 2012243749502976
987377389 2028908477546496
985173728 2045641415458816
1000980947 2062443327651840
1000043217 2079314023809024
1001442269 2096253310468096
1010487513 2113261381091328
1026551230 2130338236465152
1013817182 2147483680768000
1016441651 2164697909821440
1027861369 2181981122592768
1032382109 2199332526358528
1032292728 2216752913842176
1043076341 2234242087649280
1046333404 2251799847239680
1179747 34493956096
5486128 137707388928
8522871 309640298496
12037114 550292684800
15364820 859664547840
18011960 1237755887616
21268916 1684566704128
29172895 2200096997376
31168071 2784346767360
32014661 3437316014080
34135943 4159004737536
46044608 4949412937728
46035414 5808540614656
44557839 6736387768320
58130560 7732954398720
61687027 8798240505856
55179766 9932246089728
58530077 11134971150336
61790971 12406415687680
67469254 13746579701760
69193311 15155463192576
71866222 16633066160128
78155811 18179388604416
79048961 19794430525440
82630264 21478191923200
85805898 23230672797696
89716656 25051873148928
96114314 26941792976896
96856628 28900432281600
101643650 30927791063040
105396101 33023869321216
108320363 35188667056128
112069380 37422184267776
114553066 39724420956160
118324003 42095377121280
121530295 44535052763136
125512184 47043447881728
129215222 49620562477056
132210358 52266396549120
139683783 54980950097920
134981072 57764223123456
140493544 60616215625728
144373037 63536927604736
147118069 66526359060480
161464293 69584509992960
155013368 72711380402176
159249181 75906970288128
161611295 79171279650816
166892007 82504308490240
181068655 85906056806400
173038709 89376524599296
177166667 92915711868928
180159394 96523618615296
183761787 100200244838400
187154435 103945590538240
189959562 107759655714816
197930580 111642440368128
196993595 115593944498176
201271748 119614168104960
200616273 123703111188480
207503904 127860773748736
211591569 132087155785728
213586949 136382257299456
220561605 140746078289920
220625705 145178618757120
226357090 149679878701056
226999276 154249858121728
235314520 158888557019136
235535849 163595975393280
240861148 168372113244160
242102709 173216970571776
247062660 178130547376128
247469295 183112843657216
254940766 188163859415040
255587425 193283594649600
260702193 198472049360896
263442714 203729223548928
268482728 209055117213696
272662984 214449730355200
275126883 219913062973440
283172811 225445115068416
276751338 231045886640128
288372870 236715377688576
288729185 242453588213760
291798977 248260518215680
299102102 254136167694336
297949553 260080536649728
301387971 266093625081856
306552466 272175432990720
308562191 278325960376320
313453584 284545207238656
317221198 290833173577728
320205498 297189859393536
324005589 303615264686080
334152218 310109389455360
336733384 316672233701376
340685262 323303797424128
343152016 330004080623616
343609204 336773083299840
343256996 343610805452800
347847119 350517247082496
352660209 357492408188928
353961357 364536288772096
357402197 371648888832000
363469614 378830208368640
380302356 386080247382016
369700529 393399005872128
371766513 400786483838976
376106529 408242681282560
380311309 415767598202880
391008536 423361234599936
384671897 431023590473728
388860974 438754665824256
394408250 446554460651520
403405713 454422974955520
401434210 462360208736256
405987321 470366161993728
405093726 478440834727936
410751995 486584226938880
414676253 494796338626560
417495887 503077169790976
427312133 511426720432128
421699231 519844990550016
429604037 528331980144640
455929281 536887689216000
439768839 545512117764096
438376728 554205265788928
442363501 562967133290496
458241257 571797720268800
457072421 580697026723840
459341223 589665052655616
456227880 598701798064128
460484735 607807262949376
477603816 616981447311360
482970619 626224351150080
467313900 635535974465536
476310119 644916317257728
481102765 654365379526656
482783377 663883161272320
501987342 673469662494720
491530686 683124883193856
493492830 692848823369728
497437714 702641483022336
502957665 712502862151680
504134112 722432960757760
505347884 732431778840576
511596964 742499316400128
513741608 752635573436416
522203717 762840549949440
527255636 773114245939200
530142606 783456661405696
539858509 793867796348928
537002003 804347650768896
539522868 814896224665600
539721876 825513518039040
553743794 836199530889216
541597273 846954263216128
553013829 857777715019776
561400311 868669886300160
574851540 879630777057280
574216252 890660387291136
571402156 901758717001728
586017874 912925766189056
598755676 924161534853120
617159274 935466022993920
622665330 946839230611456
635121846 958281157705728
618014456 969791804276736
619252063 981371170324480
623229276 993019255848960
632382921 1004736060850176
636720929 1016521585328128
646379144 1028375829282816
656601194 1040298792714240
649256444 1052290475622400
653289978 1064350878007296
661364043 1076479999868928
660849780 1088677841207296
666846440 1100944402022400
676778972 1113279682314240
672551320 1125683682082816
683758305 1138156401328128
683629950 1150697840050176
689361084 1163307998248960
694715420 1175986875924480
693918665 1188734473076736
716801935 1201550789705728
917801020 1214435825811456
721006083 1227389581393920
713429078 1240412056453120
727619945 1253503250989056
738503362 1266663165001728
742975056 1279891798491136
737866508 1293189151457280
748888086 1306555223900160
747274039 1319990015819776
753306881 1333493527216128
757419556 1347065758089216
760285466 1360706708439040
767582598 1374416378265600
770513378 1388194767568896
778994037 1402041876348928
777468596 1415957704605696
783108445 1429942252339200
797087486 1443995519549440
793713213 1458117506236416
802291173 1472308212400128
821622927 1486567638040576
808511295 1500895783157760
817230041 1515292647751680
820634891 1529758231822336
829932731 1544292535369728
830803551 1558895558393856
843046352 1573567300894720
844237438 1588307762872320
844292117 1603116944326656
852063252 1617994845257728
854078511 1632941465665536
856749100 1647956805550080
860615252 1663040864911360
863689684 1678193643749376
870829734 1693415142064128
874683505 1708705359855616
879110777 1724064297123840
895644730 1739491953868800
893287723 1754988330090496
901280364 1770553425788928
905977601 1786187240964096
907662312 1801889775616000
911195947 1817661029744640
927918012 1833501003350016
925132984 1849409696432128
926217008 1865387108990976
934103181 1881433241026560
942526945 1897548092538880
947503441 1913731663527936
946892172 1929983953993728
950067207 1946304963936256
952954983 1962694693355520
956836420 1979153142251520
963674723 1995680310624256
966742959 2012276198473728
971854588 2028940805799936
977602099 2045674132602880
976601635 2062476178882560
1006209236 2079346944638976
987647326 2096286429872128
991832713 2113294634582016
1001196635 2130371558768640
1009703287 2147517202432000
1005792803 2164731565572096
1018235392 2182014648188928
1038991595 2199366450282496
2400377081 2216786971852800
1848888827 2234276212899840
1866335935 2251834173423616
993128 38654705664
1970144 146028888064
2801457 322122547200
3567407 566935683072
4538399 880468295680
5524699 1262720385024
14208625 1713691951104
7401905 2233382993920
8503464 2821793513472
33400891 3478923509760
38633845 4204772982784
11474477 4999341932544
35409259 5862630359040
49528491 6794638262272
36559738 7795365642240
45189189 8864812498944
60642952 10002978832384
65229030 11209864642560
68625772 12485469929472
71985787 13829794693120
74698536 15242838933504
78748709 16724602650624
82825406 18275085844480
86472747 19894288515072
89382140 21582210662400
92315159 23338852286464
97684751 25164213387264
99311228 27058293964800
104884444 29021094019072
109946814 31052613550080
113145959 33152852557824
122001032 35321811042304
121408323 37559489003520
130431241 39865886441472
138730473 42241003356160
133307947 44684839747584
138060867 47197395615744
140478443 49778670960640
145359625 52428665782272
151752899 55147380080640
156049456 57934813855744
158394250 60790967107584
162134209 63715839836160
162464863 66709432041472
166356921 69771743723520
174203759 72902774882304
173969826 76102525517824
179455491 79370995630080
185360895 82708185219072
184969835 86114094284800
193981294 89588722827264
204089686 93132070846464
192761788 96744138342400
203703306 100424925315072
204165843 104174431764480
206937859 107992657690624
217709784 111879603093504
218647113 115835267973120
218156623 119859652329472
226361520 123952756162560
229364304 128114579472384
224680813 132345122258944
238410605 136644384522240
245617715 141012366262272
246792045 145449067479040
249045980 149954488172544
253513450 154528628342784
254204587 159171487989760
307753639 163883067113472
265928890 168663365713920
264594597 173512383791104
274226286 178430121345024
275625039 183416578375680
278682222 188471754883072
288760465 193595650867200
294341298 198788266328064
284469298 204049601265664
315432097 209379655680000
301967325 214778429571072
307693347 220245922938880
317768507 225782135783424
310386707 231387068104704
311395320 237060719902720
320386627 242803091177472
323657064 248614181928960
322350854 254493992157184
332870913 260442521862144
333384055 266459771043840
332592973 272545739702272
349928674 278700427837440
351716585 284923835449344
350383427 291215962537984
357701992 297576809103360
357227269 304006375145472
369812122 310504660664320
367943277 317071665659904
376523395 323707390132224
366125879 330411834081280
380749281 337184997507072
378316175 344026880409600
379533244 350937482788864
390775981 357916804644864
399519210 364964845977600
389784534 372081606787072
403789186 379267087073280
412362490 386521286836224
402905411 393844206075904
415679015 401235844792320
415367234 408696202985472
417242404 416225280655360
427375833 423823077801984
425954175 431489594425344
432475998 439224830525440
436374249 447028786102272
442869350 454901461155840
439202845 462842855686144
449530389 470852969693184
451421672 478931803176960
449771322 487079356137472
462854135 495295628574720
463471045 503580620488704
460464922 511934331879424
473084843 520356762746880
470548595 528847913091072
468703466 537407782912000
478713838 546036372209664
482489507 554733680984064
472039157 563499709235200
488910984 572334456963072
486445703 581237924167680
480043244 590210110849024
493717494 599251017007104
477772943 608360642641920
478120072 617538987753472
481363968 626786052341760
483940362 636101836406784
491008632 645486339948544
520163592 654939562967040
534063073 664461505462272
525032532 674052167434240
540156305 683711548882944
542249601 693439649808384
566023323 703236470210560
553845493 713102010089472
551857747 723036269445120
553481072 733039248277504
562532393 743110946586624
578753813 753251364372480
566285464 763460501635072
573840284 773738358374400
578539515 784084934590464
576063747 794500230283264
596678879 804984245452800
588279547 815536980099072
588547162 826158434222080
597856280 836848607821824
597781246 847607500898304
598657616 858435113451520
608291378 869331445481472
603868158 880296496988160
587942131 891330267971584
618560419 902432758431744
606848036 913603968368640
612731720 924843897782272
621863629 936152546672640
630943432 947529915039744
607340803 958976002883584
627771335 970490810204160
646143802 982074337001472
625974456 993726583275520
640416825 1005447549026304
607456808 1017237234253824
634161034 1029095638958080
620123796 1041022763139072
610234023 1053018606796800
646053383 1065083169931264
655144492 1077216452542464
682299057 1089418454630400
674407550 1101689176195072
687964071 1114028617236480
699624925 1126436777754624
692219650 1138913657749504
715165626 1151459257221120
704777430 1164073576169472
637789999 1176756614594560
881796525 1189508372496384
857917338 1202328849874944
1223516605 1215218046730240
741812381 1228175963062272
737150212 1241202598871040
719408588 1254297954156544
758236694 1267462028918784
750431971 1280694823157760
752497945 1293996336873472
813683207 1307366570065920
744006082 1320805522735104
751614335 1334313194881024
853995395 1347889586503680
772419553 1361534697603072
751980865 1375248528179200
782165219 1389031078232064
764780268 1402882347761664
787543132 1416802336768000
779016945 1430791045251072
779121736 1444848473210880
791979961 1458974620647424
848012456 1473169487560704
791608042 1487433073950720
785851663 1501765379817472
829610261 1516166405160960
823112763 1530636149981184
826632153 1545174614278144
808296905 1559781798051840
852588047 1574457701302272
846375070 1589202324029440
855389640 1604015666233344
839820898 1618897727913984
810679872 1633848509071360
893900380 1648868009705472
846382789 1663956229816320
870590165 1679113169403904
853137480 1694338828468224
888930411 1709633207009280
863567908 1724996305027072
861717708 1740428122521600
876454157 1755928659492864
874095159 1771497915940864
897017854 1787135891865600
936564344 1802842587267072
877460807 1818618002145280
894184705 1834462136500224
877738225 1850374990331904
846320634 1866356563640320
867882014 1882406856425472
879719103 1898525868687360
854794274 1914713600425984
900688582 1930970051641344
914101058 1947295222333440
920327651 1963689112502272
940037769 1980151722147840
906223872 1996683051270144
919021999 2013283099869184
935716923 2029951867944960
1222138581 2046689355497472
952074035 2063495562526720
952243698 2080370489032704
948805154 2097314135015424
966532926 2114326500474880
947771081 2131407585411072
955393635 2148557389824000
971148321 2165775913713664
989523307 2183063157080064
981450021 2200419119923200
972846600 2217843802243072
994979083 2235337204039680
982359375 2252899325313024
2115954 34359869440
6337768 137439215616
10289832 309238038528
14625546 549756338176
18998601 858994114560
22655037 1236951367680
27137253 1683628097536
32832608 2199024304128
37405222 2783139987456
40586906 3435975147520
44636752 4157529784320
51403394 4947803897856
55872865 5806797488128
55763190 6734510555136
65765138 7730943098880
71637452 8796095119360
70034746 9929966616576
75244579 11132557590528
78998883 12403868041216
82580514 13743897968640
87541665 15152647372800
91630519 16630116253696
96642493 18176304611328
100438651 19791212445696
104844636 21474839756800
109545786 23227186544640
116249686 25048252809216
118590103 26938038550528
122799735 28896543768576
139564956 30923768463360
131075806 33019712634880
134620897 35184376283136
139645749 37417759408128
143719869 39719862009856
148597962 42090684088320
153184342 44530225643520
158060389 47038486675456
162475147 49615467184128
165006983 52261167169536
172608114 54975586631680
173934769 57758725570560
177994148 60610583986176
183420668 63531161878528
189646354 66520459247616
196239528 69578476093440
205307227 72705212416000
204869362 75900668215296
199413332 79164843491328
225577627 82497738244096
232299892 85899352473600
222061856 89369686179840
224365409 92908739362816
243347219 96516512022528
234691198 100193004158976
240757291 103938215772160
243907371 107752146862080
249715684 111634797428736
253081873 115586167472128
257238280 119606256992256
262247554 123695065989120
265934688 127852594462720
271111999 132078842413056
274064248 136373809840128
279676030 140737496743936
295231034 145169903124480
288693161 149671028981760
292428580 154240874315776
297883790 158879439126528
302196941 163586723414016
306544232 168362727178240
310677734 173207450419200
327966074 178120893136896
321803315 183103055331328
325251785 188153937002496
328328770 193273538150400
333082718 198461858775040
338445913 203718898876416
342846472 209044658454528
347141443 214439137509376
354322861 219902336040960
357046024 225434254049280
362174481 231034891534336
377656463 236704248496128
382767146 242442324934656
375791788 248249120849920
380309214 254124636241920
389460903 260068871110656
401214573 266081825456128
393497538 272163499278336
400440511 278313892577280
403864598 284533005352960
407741202 290820837605376
424583401 297177389334528
416023265 303602660540416
423969915 310096651223040
425312441 316659361382400
430989555 323290791018496
445759732 329990940131328
439998869 336759808720896
451028547 343597396787200
448275646 350503704330240
454644883 357478731350016
458869811 364522477846528
462574338 371634943819776
467644496 378816129269760
473899138 386066034196480
489490293 393384658599936
494336275 400772002480128
490381937 408228065837056
683428906 415752848670720
507652522 423346350981120
505297921 431008572768256
518324793 438739514032128
522802423 446539174772736
526111063 454407554990080
531466962 462344654684160
535740622 470350473854976
539433307 478425012502528
559101549 486568270626816
547231327 494780248227840
542581836 503060945305600
547486417 511410361860096
550314954 519828497891328
555192085 528315353399296
560911882 536870928384000
564141620 545495222845440
583205135 554188236783616
575271305 562949970198528
584499329 571780423090176
602668516 580679595458560
592182352 589647487303680
597293260 598684098625536
600579348 607789429424128
608201988 616963479699456
620833971 626206249451520
677953389 635517738680320
619290935 644897947385856
623630233 654346875568128
629489118 663864523227136
643890748 673450890362880
637303136 683105976975360
640942842 692829783064576
743184990 702622308630528
678600992 712483553673216
654281819 722413518192640
667873721 732412202188800
659311302 742479605661696
665180594 752615728611328
669885128 762820571037696
671940959 773094132940800
687896659 783436414320640
683703653 793847415177216
714679966 804327135510528
709738543 814875575320576
715750256 825492734607360
707886581 836178613370880
710567122 846933211611136
726534154 857756529328128
716253497 868648566521856
724905972 879609323192320
727818808 890638799339520
740160155 901736994963456
732066388 912903910064128
739520531 924139544641536
753110936 935443898695680
748191490 946816972226560
760859831 958258765234176
756272821 969769277718528
776049257 981348509679616
763075498 992996461117440
780397749 1004713132032000
772933010 1016498522423296
792171415 1028352632291328
791447611 1040275461636096
799715868 1052267010457600
807752742 1064327278755840
796683631 1076456266530816
803591095 1088653973782528
812421146 1100920400510976
823213694 1113255546716160
817619152 1125659412398080
821121784 1138131997556736
837530224 1150673302192128
830319236 1163283326304256
855389713 1175962069893120
837774222 1188709532958720
846697209 1201525715501056
854825280 1214410617520128
853506488 1227364239015936
863139146 1240386579988480
873824840 1253477640437760
869866912 1266637420363776
874795523 1279865919766528
874464587 1293163138646016
888610205 1306529077002240
889300196 1319963734835200
896828700 1333467112144896
892299477 1347039208931328
925881760 1360680025194496
907234913 1374389560934400
913619015 1388167816151040
914576540 1402014790844416
928858267 1415930485014528
956159216 1429914898661376
955154873 1443968031784960
945694411 1458089884385280
948916398 1472280456462336
961911970 1486539748016128
962818710 1500867759046656
969840453 1515264489553920
955379661 1529729939537920
970339469 1544264108998656
981220696 1558866997936128
986608289 1573538606350336
991390363 1588278934241280
997569066 1603087981608960
1004672838 1617965748453376
1024521293 1632912234774528
1022567283 1647927440572416
1022926633 1663011365847040
1040032977 1678164010598400
1037979150 1693385374826496
1045171026 1708675458531328
1102703345 1724034261712896
1044442860 1739461784371200
1052613739 1754958026506240
1056355982 1770522988118016
1062862484 1786156669206528
1083544209 1801859069771776
1086000327 1817630189813760
1079904337 1833470029332480
1114998177 1849378588327936
1123729278 1865355866800128
1113562391 1881401864749056
1119623104 1897516582174720
1110662215 1913700019077120
1130562319 1929952175456256
1125862780 1946273051312128
1161879005 1962662646644736
1153378902 1979120961454080
1148952040 1995647995740160
1192794311 2012243749502976
1334301738 2028908222742528
1206519317 2045641415458816
1239301960 2062443327651840
1213205128 2079313959321600
1235531381 2096253310468096
1227621122 2113261381091328
1228919998 2130338171191296
1294699999 2147483680768000
1262604804 2164697909821440
1263368348 2181980858351616
1251183531 2199332526358528
2560954829 2216752913842176
1201662335 2234242020802560
1240304222 2251799847239680
